([11, 22, 1], [array([[  1.84654978e+00,   3.10833114e+00,   8.81368548e+00,
          1.37693212e+00,   2.54905289e+00,   4.80678661e+00,
          9.18858980e-01,   2.87034911e+00,   9.25886415e-01,
         -4.82820972e+00,  -1.03127654e+00],
       [  9.07424292e-01,  -1.81815612e+00,  -7.67142291e-01,
          3.50653212e+00,   1.79841414e+00,   3.60492346e+00,
          4.20459770e+00,   4.56859185e+00,   4.28895986e+00,
          3.90180318e+00,  -1.74919994e+00],
       [ -5.15094172e-01,  -6.05203139e+00,   2.46362322e-01,
          1.96250308e+00,   1.97755635e+00,  -3.88820530e+00,
         -3.32307567e-01,  -1.81345579e+00,  -9.52511206e-02,
          5.92599126e+00,   6.44892801e+00],
       [  8.36245496e+00,  -1.32074890e+01,   5.78634637e-01,
         -1.40801846e+00,  -2.21423297e+00,  -7.60207572e+00,
         -8.95050012e+00,  -9.72288390e-02,  -1.35065760e+00,
         -1.15754518e+00,   6.56647960e+00],
       [ -1.06679083e+00,   1.58650516e+00,  -2.02263343e+00,
          5.29902552e+00,   5.28722759e+00,  -8.61579981e+00,
         -2.52241593e+00,  -3.39755780e+00,   7.09465833e-01,
         -3.66391930e+00,   3.79953686e+00],
       [  1.18648038e+01,  -2.16728635e+00,  -1.52403312e+00,
         -2.60382581e+00,  -2.50425399e+00,  -1.45939083e+01,
          9.39035153e-01,  -9.54832811e-02,  -9.12459691e-02,
         -1.65862967e+00,  -3.11526979e+00],
       [ -2.13668332e+00,  -7.68220696e+00,  -1.55619011e+00,
          1.11744266e+00,   1.24565558e+00,  -8.39434677e+00,
         -3.35399091e+00,  -1.27825286e+00,  -7.40851272e+00,
          2.90801473e+00,  -1.65990767e-01],
       [ -3.91161076e+00,   7.43064878e+00,  -3.45454454e-01,
         -3.15408623e-01,   3.86944457e+00,   5.11263062e+00,
          9.45362358e-01,   2.06564285e+00,   1.12761240e+00,
          2.05567207e+00,   2.94522231e+00],
       [  8.66796045e+00,  -3.33790581e+00,  -1.69141306e+00,
          1.32020838e+00,  -5.93600488e+00,  -3.21410612e+00,
         -7.30557264e+00,  -1.56701195e+00,   1.74501444e+00,
          3.69148240e+00,  -1.08531133e+00],
       [ -4.66742099e+00,  -1.02617255e+01,   3.65437855e+00,
         -2.64779317e+00,  -1.03647820e+00,   7.54788659e+00,
         -1.08257217e+00,  -1.06431010e+00,  -1.07859519e+00,
          2.34882848e+00,  -2.43861938e+00],
       [  1.45912936e+00,   1.12940673e+01,  -1.49002159e+00,
         -1.94329473e-01,  -1.08177269e+00,   7.74894883e+00,
         -9.86900727e-01,  -3.78009476e+00,   8.55529607e-01,
         -1.72884959e+00,  -3.59203678e+00],
       [  2.62159899e+00,  -1.28332223e+01,  -1.80970398e+00,
          1.45311652e+00,  -1.95983517e+00,  -1.91110295e+01,
          1.45142487e+00,  -3.30341207e+00,  -4.73130917e+00,
         -2.65779471e+00,   3.63979277e+00],
       [ -1.41024630e+01,   1.14265426e+00,   3.36951306e+00,
          8.55367388e-01,   4.39200908e+00,   1.39327606e+01,
          1.39262182e+00,   1.48575521e+00,  -2.05160530e-01,
          5.50509509e+00,  -2.12360182e+00],
       [  5.49592532e+00,   3.71718583e+00,  -3.16357073e+00,
          1.01091771e+00,  -8.44112603e+00,  -9.63152289e+00,
         -7.81830302e+00,  -1.78892922e+00,   9.18674306e-01,
         -2.97408054e+00,   5.11241488e-01],
       [  1.35699868e+01,  -9.20438569e+00,  -6.13359336e+00,
         -2.98324642e+00,  -5.14098906e+00,  -1.71972309e+01,
         -5.00874967e-01,  -2.51002606e-01,   9.20190677e-01,
         -6.93053027e-01,  -6.93283490e+00],
       [ -8.19188641e+00,   2.44918346e+00,  -1.25506190e+00,
          5.80861035e+00,   4.54245386e+00,  -3.82288562e+00,
         -3.88079040e+00,  -1.85240720e+00,  -2.04447261e+00,
         -4.58989891e+00,   2.44105806e+00],
       [  4.33746846e+00,  -1.03023186e+01,  -2.68724883e-01,
         -2.61448949e+00,   2.17364575e+00,  -3.04676588e+01,
          1.96392106e+00,  -6.52825859e+00,   1.91929095e+00,
          5.01315558e-01,  -3.71502117e+00],
       [  9.01519147e-01,   5.99185646e+00,   1.67400589e+00,
         -1.14067012e+01,   5.45815223e+00,   4.63749120e+00,
         -4.87451008e+00,   3.27876427e+00,   6.38511609e-02,
         -4.50645513e-01,  -3.92643612e+00],
       [  9.47741230e+00,   3.48555835e+01,  -3.57656058e-01,
          1.35365208e-01,   4.69646406e-01,  -2.53239662e-01,
         -9.52320240e-03,  -5.95610444e-01,  -1.60972249e-01,
         -1.66867397e-01,   2.25224425e+00],
       [ -2.24137187e+00,  -3.37387053e+01,   4.06515799e-01,
          8.75312333e-01,   3.30453649e-01,   1.33580662e+00,
          3.58228849e-01,  -3.33449325e-01,   3.42778565e-01,
          9.01205399e-01,  -2.31652445e+00],
       [ -3.53041399e-01,   4.66501871e+00,   5.35352053e-01,
         -9.01080117e+00,   4.24112900e+00,   5.33410278e+00,
         -7.04972087e+00,   4.56838067e+00,   8.11297768e-01,
          5.96025881e-01,   1.43783246e+00],
       [  5.15111130e+00,   1.25429801e+01,   2.04487837e+00,
         -1.49440714e+00,  -1.45208394e+00,   1.43961464e-01,
         -1.21165746e-01,   2.57670954e+00,   7.07187943e-01,
         -4.46777491e+00,  -7.89289368e+00]]), array([[-11.69729272, -11.69702881,  -2.24333141, -12.90710155,
          4.07746481, -14.60894471, -12.24249926,   9.51799136,
         -6.18747546,   2.1970624 ,  -1.82392715,  -9.60124475,
          9.55314683,  11.6152268 , -10.7691324 ,  -3.53774934,
        -11.05195839,  -3.61729654,  -9.0190165 ,   6.25523232,
          2.93947182,  -2.54869276]])], [array([[  2.79835629],
       [ -0.11083852],
       [ 10.79670755],
       [ -5.79943396],
       [  1.01408131],
       [-14.82353332],
       [ -5.33210158],
       [  5.04805284],
       [ -4.87502065],
       [  6.34751897],
       [ -3.91111426],
       [  1.43956778],
       [  2.91690633],
       [  3.68614828],
       [-11.88835544],
       [  1.43904491],
       [ -1.7456665 ],
       [ -2.18612147],
       [-12.45046743],
       [ -9.03796132],
       [ -2.83444158],
       [ -4.25348924]]), array([[-2.19046233]])])